1138 1137 428 116
568 849 3409
849 17 3409
17 202 3409
202 1096 3409
1096 513 3409
513 2 3409
2 1015 3409
1015 171 3409
171 351 3409
351 689 3409
689 740 3409
740 279 3409
279 23 3409
23 542 3409
542 126 3409
126 15 3409
15 738 3409
738 28 3409
28 486 3409
486 594 3409
594 727 3409
727 120 3409
120 85 3409
85 1101 3409
1101 772 3409
772 929 3409
929 1030 3409
1030 739 3409
739 195 3409
195 1037 3409
1037 553 3409
553 1068 3409
1068 315 3409
315 820 3409
820 1110 3409
1110 1079 3409
1079 805 3409
805 860 3409
860 509 3409
509 907 3409
907 690 3409
690 453 3409
453 431 3409
431 508 3409
508 90 3409
90 305 3409
305 854 3409
854 345 3409
345 917 3409
917 276 3409
276 1061 3409
1061 598 3409
598 1080 3409
1080 918 3409
918 376 3409
376 284 3409
284 1025 3409
1025 155 3409
155 519 3409
519 234 3409
234 632 3409
632 225 3409
225 9 3409
9 55 3409
55 1009 3409
1009 35 3409
35 846 3409
846 1098 3409
1098 395 3409
395 909 3409
909 25 3409
25 200 3409
200 539 3409
539 916 3409
916 1087 3409
1087 685 3409
685 699 3409
699 407 3409
407 599 3409
599 1039 3409
1039 987 3409
987 180 3409
180 381 3409
381 400 3409
400 503 3409
503 198 3409
198 286 3409
286 951 3409
951 280 3409
280 945 3409
945 1120 3409
1120 128 3409
128 864 3409
864 1114 3409
1114 1050 3409
1050 681 3409
681 24 3409
24 939 3409
939 797 3409
797 1059 3409
1059 618 3409
618 1062 3409
1062 903 3409
903 963 3409
963 133 3409
133 19 3409
19 59 3409
59 74 3409
74 211 3409
211 884 3409
884 973 3409
973 212 3409
212 365 3409
365 1056 3409
1056 121 3409
121 338 3409
338 237 3409
237 520 3409
520 577 3409
577 45 3409
45 592 3409
592 292 3409
292 748 3409
748 362 3409
362 409 3409
409 68 3409
68 1137 3409
1137 630 3409
630 189 3409
189 536 3409
536 911 3409
911 71 3409
71 363 3409
363 383 3409
383 219 3409
219 456 3409
456 470 3409
470 290 3409
290 209 3409
209 1000 3409
1000 468 3409
468 60 3409
60 367 3409
367 372 3409
372 604 3409
604 89 3409
89 608 3409
608 799 3409
799 517 3409
517 575 3409
575 996 3409
996 1029 3409
1029 1026 3409
1026 888 3409
888 756 3409
756 830 3409
830 273 3409
273 277 3409
277 316 3409
316 1119 3409
1119 893 3409
893 631 3409
631 960 3409
960 867 3409
867 43 3409
43 446 3409
446 919 3409
919 34 3409
34 910 3409
910 958 3409
958 478 3409
478 199 3409
199 1012 3409
1012 490 3409
490 204 3409
204 134 3409
134 5 3409
5 174 3409
174 754 3409
754 366 3409
366 821 3409
821 289 3409
289 524 3409
524 12 3409
12 463 3409
463 100 3409
100 780 3409
780 1109 3409
1109 62 3409
62 474 3409
474 994 3409
994 713 3409
713 443 3409
443 672 3409
672 859 3409
859 1113 3409
1113 393 3409
393 356 3409
356 72 3409
72 423 3409
423 141 3409
141 370 3409
370 147 3409
147 612 3409
612 477 3409
477 1019 3409
1019 617 3409
617 938 3409
938 253 3409
253 912 3409
912 653 3409
653 984 3409
984 86 3409
86 461 3409
461 132 3409
132 223 3409
223 702 3409
702 914 3409
914 177 3409
177 1021 3409
1021 574 3409
574 266 3409
266 934 3409
934 333 3409
333 856 3409
856 283 3409
283 274 3409
274 1047 3409
1047 512 3409
512 703 3409
703 749 3409
749 505 3409
505 435 3409
435 203 3409
203 385 3409
385 642 3409
642 156 3409
156 336 3409
336 641 3409
641 614 3409
614 1031 3409
1031 433 3409
433 572 3409
572 561 3409
561 312 3409
312 318 3409
318 522 3409
522 46 3409
46 991 3409
991 620 3409
620 746 3409
746 937 3409
937 119 3409
119 235 3409
235 1014 3409
1014 148 3409
148 48 3409
48 320 3409
320 1129 3409
1129 1111 3409
1111 904 3409
904 841 3409
841 1038 3409
1038 848 3409
848 616 3409
616 459 3409
459 628 3409
628 255 3409
255 966 3409
966 831 3409
831 1024 3409
1024 358 3409
358 392 3409
392 743 3409
743 426 3409
426 1058 3409
1058 694 3409
694 271 3409
271 169 3409
169 835 3409
835 573 3409
573 401 3409
401 1011 3409
1011 91 3409
91 70 3409
70 839 3409
839 853 3409
853 652 3409
652 282 3409
282 721 3409
721 153 3409
153 164 3409
164 896 3409
896 258 3409
258 482 3409
482 589 3409
589 37 3409
37 368 3409
368 874 3409
874 826 3409
826 176 3409
176 1020 3409
1020 667 3409
667 458 3409
458 329 3409
329 268 3409
268 523 3409
523 794 3409
794 924 3409
924 311 3409
311 933 3409
933 720 3409
720 165 3409
165 515 3409
515 865 3409
865 845 3409
845 1105 3409
1105 1132 3409
1132 824 3409
824 678 3409
678 1124 3409
1124 940 3409
940 944 3409
944 587 3409
587 232 3409
232 769 3409
769 412 3409
412 103 3409
103 262 3409
262 717 3409
717 962 3409
962 107 3409
107 724 3409
724 980 3409
980 344 3409
344 334 3409
334 361 3409
361 757 3409
757 495 3409
495 959 3409
959 1017 3409
1017 762 3409
762 900 3409
900 328 3409
328 1067 3409
1067 719 3409
719 115 3409
115 894 3409
894 193 3409
193 247 3409
247 242 3409
242 158 3409
158 163 3409
163 455 3409
455 240 3409
240 997 3409
997 569 3409
569 1032 3409
1032 1063 3409
1063 476 3409
476 304 3409
304 898 3409
898 427 3409
427 544 3409
544 1112 3409
1112 696 3409
696 651 3409
651 556 3409
556 744 3409
744 291 3409
291 95 3409
95 265 3409
265 712 3409
712 975 3409
975 1023 3409
1023 3 3409
3 549 3409
549 267 3409
267 961 3409
961 313 3409
313 957 3409
957 926 3409
926 648 3409
648 29 3409
29 418 3409
418 185 3409
185 998 3409
998 942 3409
942 417 3409
417 170 3409
170 531 3409
531 855 3409
855 582 3409
582 710 3409
710 788 3409
788 789 3409
789 493 3409
493 981 3409
981 776 3409
776 190 3409
190 275 3409
275 42 3409
42 138 3409
138 434 3409
434 1090 3409
1090 436 3409
436 136 3409
136 1046 3409
1046 711 3409
711 260 3409
260 1054 3409
1054 615 3409
615 375 3409
375 829 3409
829 394 3409
394 116 3409
116 862 3409
862 398 3409
398 430 3409
430 296 3409
296 246 3409
246 1138 3409
1138 793 3409
793 514 3409
514 809 3409
809 814 3409
814 140 3409
140 548 3409
548 105 3409
105 390 3409
390 682 3409
682 293 3409
293 49 3409
49 995 3409
995 807 3409
807 638 3409
638 1131 3409
1131 97 3409
97 781 3409
781 438 3409
438 182 3409
182 733 3409
733 457 3409
457 605 3409
605 386 3409
386 122 3409
122 895 3409
895 186 3409
186 341 3409
341 347 3409
347 870 3409
870 145 3409
145 747 3409
747 221 3409
221 403 3409
403 215 3409
215 323 3409
323 411 3409
411 206 3409
206 801 3409
801 264 3409
264 988 3409
988 388 3409
388 451 3409
451 977 3409
977 77 3409
77 1107 3409
1107 930 3409
930 481 3409
481 402 3409
402 452 3409
452 901 3409
901 964 3409
964 30 3409
30 298 3409
298 1126 3409
1126 725 3409
725 389 3409
389 161 3409
161 377 3409
377 63 3409
63 949 3409
949 310 3409
310 469 3409
469 822 3409
822 415 3409
415 67 3409
67 535 3409
535 863 3409
863 891 3409
891 413 3409
413 465 3409
465 502 3409
502 750 3409
750 1123 3409
1123 254 3409
254 808 3409
808 660 3409
660 1104 3409
1104 655 3409
655 111 3409
111 309 3409
309 886 3409
886 354 3409
354 688 3409
688 1133 3409
1133 1044 3409
1044 332 3409
332 1042 3409
1042 322 3409
322 847 3409
847 607 3409
607 832 3409
832 210 3409
210 188 3409
188 706 3409
706 192 3409
192 629 3409
629 201 3409
201 644 3409
644 818 3409
818 378 3409
378 501 3409
501 970 3409
970 142 3409
142 837 3409
837 728 3409
728 1130 3409
1130 496 3409
496 843 3409
843 1106 3409
1106 1108 3409
1108 352 3409
352 626 3409
626 586 3409
586 196 3409
196 527 3409
527 454 3409
454 497 3409
497 701 3409
701 335 3409
335 499 3409
499 1121 3409
1121 1128 3409
1128 94 3409
94 1010 3409
1010 445 3409
445 1033 3409
1033 792 3409
792 369 3409
369 726 3409
726 838 3409
838 124 3409
124 65 3409
65 83 3409
83 281 3409
281 1070 3409
1070 931 3409
931 677 3409
677 439 3409
439 88 3409
88 840 3409
840 78 3409
78 827 3409
827 504 3409
504 302 3409
302 734 3409
734 666 3409
666 228 3409
228 178 3409
178 1072 3409
1072 559 3409
559 950 3409
950 117 3409
117 718 3409
718 1083 3409
1083 10 3409
10 1048 3409
1048 135 3409
135 1074 3409
1074 1095 3409
1095 649 3409
649 1071 3409
1071 396 3409
396 985 3409
985 601 3409
601 325 3409
325 173 3409
173 226 3409
226 729 3409
729 796 3409
796 472 3409
472 885 3409
885 1060 3409
1060 633 3409
633 637 3409
637 152 3409
152 98 3409
98 810 3409
810 881 3409
881 214 3409
214 656 3409
656 22 3409
22 154 3409
154 897 3409
897 1125 3409
1125 4 3409
4 58 3409
58 371 3409
371 53 3409
53 887 3409
887 1022 3409
1022 543 3409
543 1092 3409
1092 104 3409
104 384 3409
384 545 3409
545 1084 3409
1084 294 3409
294 79 3409
79 1051 3409
1051 640 3409
640 745 3409
745 1066 3409
1066 250 3409
250 899 3409
899 879 3409
879 479 3409
479 114 3409
114 314 3409
314 348 3409
348 526 3409
526 908 3409
908 93 3409
93 791 3409
791 146 3409
146 437 3409
437 110 3409
110 216 3409
216 421 3409
421 674 3409
674 680 3409
680 935 3409
935 1135 3409
1135 876 3409
876 1100 3409
1100 906 3409
906 600 3409
600 422 3409
422 823 3409
823 380 3409
380 786 3409
786 813 3409
813 252 3409
252 288 3409
288 1127 3409
1127 491 3409
491 1055 3409
1055 414 3409
414 432 3409
432 828 3409
828 675 3409
675 890 3409
890 877 3409
877 382 3409
382 229 3409
229 554 3409
554 647 3409
647 1085 3409
1085 217 3409
217 36 3409
36 259 3409
259 387 3409
387 974 3409
974 1117 3409
1117 350 3409
350 665 3409
665 567 3409
567 13 3409
13 722 3409
722 752 3409
752 584 3409
584 299 3409
299 222 3409
222 464 3409
464 925 3409
925 921 3409
921 583 3409
583 639 3409
639 160 3409
160 922 3409
922 494 3409
494 1001 3409
1001 905 3409
905 66 3409
66 920 3409
920 737 3409
737 1034 3409
1034 321 3409
321 570 3409
570 327 3409
327 581 3409
581 800 3409
800 687 3409
687 44 3409
44 243 3409
243 357 3409
357 168 3409
168 297 3409
297 257 3409
257 576 3409
576 1136 3409
1136 943 3409
943 181 3409
181 510 3409
510 129 3409
129 663 3409
663 488 3409
488 730 3409
730 872 3409
872 948 3409
948 704 3409
704 635 3409
635 420 3409
420 825 3409
825 798 3409
798 96 3409
96 1103 3409
1103 256 3409
256 92 3409
92 1069 3409
1069 869 3409
869 56 3409
56 803 3409
803 779 3409
779 18 3409
18 261 3409
261 624 3409
624 787 3409
787 230 3409
230 976 3409
976 684 3409
684 84 3409
84 716 3409
716 498 3409
498 646 3409
646 1007 3409
1007 557 3409
557 21 3409
21 530 3409
530 429 3409
429 308 3409
308 73 3409
73 783 3409
783 1053 3409
1053 343 3409
343 489 3409
489 795 3409
795 306 3409
306 915 3409
915 597 3409
597 768 3409
768 591 3409
591 218 3409
218 645 3409
645 1057 3409
1057 233 3409
233 806 3409
806 623 3409
623 965 3409
965 621 3409
621 8 3409
8 444 3409
444 511 3409
511 1065 3409
1065 157 3409
157 609 3409
609 447 3409
447 941 3409
941 671 3409
671 811 3409
811 842 3409
842 817 3409
817 683 3409
683 99 3409
99 777 3409
777 528 3409
528 231 3409
231 889 3409
889 610 3409
610 1082 3409
1082 767 3409
767 773 3409
773 251 3409
251 790 3409
790 692 3409
692 770 3409
770 11 3409
11 207 3409
207 475 3409
475 1027 3409
1027 172 3409
172 816 3409
816 1091 3409
1091 1122 3409
1122 441 3409
441 588 3409
588 319 3409
319 978 3409
978 590 3409
590 159 3409
159 1078 3409
1078 397 3409
397 579 3409
579 700 3409
700 480 3409
480 878 3409
878 404 3409
404 550 3409
550 205 3409
205 54 3409
54 956 3409
956 686 3409
686 695 3409
695 971 3409
971 1045 3409
1045 462 3409
462 913 3409
913 20 3409
20 766 3409
766 1049 3409
1049 81 3409
81 127 3409
127 875 3409
875 868 3409
868 227 3409
227 263 3409
263 307 3409
307 564 3409
564 1008 3409
1008 986 3409
986 191 3409
191 51 3409
51 197 3409
197 834 3409
834 662 3409
662 525 3409
525 812 3409
812 1 3409
1 707 3409
707 1002 3409
1002 850 3409
850 560 3409
560 113 3409
113 61 3409
61 330 3409
330 374 3409
374 563 3409
563 16 3409
16 14 3409
14 979 3409
979 585 3409
585 39 3409
39 175 3409
175 946 3409
946 324 3409
324 52 3409
52 131 3409
131 765 3409
765 852 3409
852 741 3409
741 880 3409
880 220 3409
220 999 3409
999 902 3409
902 927 3409
927 340 3409
340 317 3409
317 1036 3409
1036 69 3409
69 679 3409
679 1116 3409
1116 541 3409
541 602 3409
602 442 3409
442 1028 3409
1028 650 3409
650 551 3409
551 236 3409
236 1094 3409
1094 244 3409
244 151 3409
151 955 3409
955 993 3409
993 75 3409
75 416 3409
416 1118 3409
1118 449 3409
449 1102 3409
1102 249 3409
249 1076 3409
1076 562 3409
562 184 3409
184 399 3409
399 408 3409
408 1097 3409
1097 6 3409
6 578 3409
578 714 3409
714 130 3409
130 760 3409
760 1052 3409
1052 360 3409
360 239 3409
239 1006 3409
1006 969 3409
969 183 3409
183 295 3409
295 758 3409
758 732 3409
732 38 3409
38 1035 3409
1035 613 3409
613 26 3409
26 47 3409
47 27 3409
27 882 3409
882 359 3409
359 534 3409
534 611 3409
611 419 3409
419 64 3409
64 753 3409
753 272 3409
272 657 3409
657 540 3409
540 1093 3409
1093 1088 3409
1088 546 3409
546 705 3409
705 301 3409
301 355 3409
355 379 3409
379 778 3409
778 802 3409
802 595 3409
595 521 3409
521 41 3409
41 533 3409
533 982 3409
982 337 3409
337 109 3409
109 349 3409
349 80 3409
80 1040 3409
1040 932 3409
932 492 3409
492 248 3409
248 873 3409
873 851 3409
851 106 3409
106 723 3409
723 804 3409
804 529 3409
529 516 3409
516 287 3409
287 353 3409
353 953 3409
953 1077 3409
1077 670 3409
670 606 3409
606 425 3409
425 972 3409
972 819 3409
819 664 3409
664 715 3409
715 634 3409
634 532 3409
532 861 3409
861 759 3409
759 123 3409
123 603 3409
603 555 3409
555 731 3409
731 735 3409
735 31 3409
31 224 3409
224 698 3409
698 194 3409
194 303 3409
303 118 3409
118 654 3409
654 565 3409
565 405 3409
405 761 3409
761 755 3409
755 500 3409
500 485 3409
485 300 3409
300 32 3409
32 580 3409
580 424 3409
424 391 3409
391 448 3409
448 483 3409
483 676 3409
676 952 3409
952 460 3409
460 112 3409
112 40 3409
40 708 3409
708 1018 3409
1018 928 3409
928 751 3409
751 471 3409
471 1004 3409
1004 619 3409
619 566 3409
566 883 3409
883 162 3409
162 571 3409
571 339 3409
339 1115 3409
1115 1089 3409
1089 622 3409
622 440 3409
440 782 3409
782 627 3409
627 833 3409
833 213 3409
213 450 3409
450 643 3409
643 270 3409
270 763 3409
763 661 3409
661 1005 3409
1005 693 3409
693 101 3409
101 125 3409
125 558 3409
558 857 3409
857 82 3409
82 144 3409
144 373 3409
373 1073 3409
1073 636 3409
636 547 3409
547 1043 3409
1043 1003 3409
1003 774 3409
774 771 3409
771 150 3409
150 285 3409
285 245 3409
245 506 3409
506 1086 3409
1086 149 3409
149 989 3409
989 518 3409
518 775 3409
775 473 3409
473 167 3409
167 1064 3409
1064 871 3409
871 990 3409
990 658 3409
658 331 3409
331 410 3409
410 179 3409
179 406 3409
406 166 3409
166 1016 3409
1016 143 3409
143 785 3409
785 342 3409
342 1013 3409
1013 50 3409
50 467 3409
467 346 3409
346 968 3409
968 866 3409
866 428 3409
428 954 3409
954 364 3409
364 669 3409
669 936 3409
936 278 3409
278 815 3409
815 673 3409
673 844 3409
844 537 3409
537 764 3409
764 102 3409
102 593 3409
593 668 3409
668 76 3409
76 858 3409
858 326 3409
326 137 3409
137 697 3409
697 892 3409
892 1041 3409
1041 947 3409
947 241 3409
241 691 3409
691 784 3409
784 238 3409
238 836 3409
836 507 3409
507 57 3409
57 1099 3409
1099 87 3409
87 659 3409
659 736 3409
736 596 3409
596 552 3409
552 992 3409
992 742 3409
742 538 3409
538 7 3409
7 625 3409
625 269 3409
269 487 3409
487 709 3409
709 967 3409
967 983 3409
983 1075 3409
1075 139 3409
139 108 3409
108 187 3409
187 484 3409
484 1081 3409
1081 923 3409
923 33 3409
33 466 3409
466 1134 3409
1134 208 3409
